{
 "cells": [
  {
   "cell_type": "code",
   "execution_count": 1,
   "metadata": {},
   "outputs": [],
   "source": [
    "# import libraries \n",
    "import pandas as pd \n",
    "import numpy as np \n",
    "import matplotlib.pyplot as plt\n",
    "%matplotlib inline\n",
    "import seaborn as sns\n",
    "import helper_functions1 as hf"
   ]
  },
  {
   "cell_type": "code",
   "execution_count": 2,
   "metadata": {},
   "outputs": [],
   "source": [
    "# load hourly dataset\n",
    "bikes_df = pd.read_csv('bike_sharing_dataset/hour.csv')\n",
    "# initialize helper_function dataclean object\n",
    "dataclean = hf.DataCleaning()"
   ]
  },
  {
   "cell_type": "code",
   "execution_count": 3,
   "metadata": {},
   "outputs": [
    {
     "data": {
      "text/html": [
       "<div>\n",
       "<style scoped>\n",
       "    .dataframe tbody tr th:only-of-type {\n",
       "        vertical-align: middle;\n",
       "    }\n",
       "\n",
       "    .dataframe tbody tr th {\n",
       "        vertical-align: top;\n",
       "    }\n",
       "\n",
       "    .dataframe thead th {\n",
       "        text-align: right;\n",
       "    }\n",
       "</style>\n",
       "<table border=\"1\" class=\"dataframe\">\n",
       "  <thead>\n",
       "    <tr style=\"text-align: right;\">\n",
       "      <th></th>\n",
       "      <th>instant</th>\n",
       "      <th>dteday</th>\n",
       "      <th>season</th>\n",
       "      <th>yr</th>\n",
       "      <th>mnth</th>\n",
       "      <th>hr</th>\n",
       "      <th>holiday</th>\n",
       "      <th>weekday</th>\n",
       "      <th>workingday</th>\n",
       "      <th>weathersit</th>\n",
       "      <th>temp</th>\n",
       "      <th>atemp</th>\n",
       "      <th>hum</th>\n",
       "      <th>windspeed</th>\n",
       "      <th>casual</th>\n",
       "      <th>registered</th>\n",
       "      <th>cnt</th>\n",
       "    </tr>\n",
       "  </thead>\n",
       "  <tbody>\n",
       "    <tr>\n",
       "      <th>0</th>\n",
       "      <td>1</td>\n",
       "      <td>2011-01-01</td>\n",
       "      <td>1</td>\n",
       "      <td>0</td>\n",
       "      <td>1</td>\n",
       "      <td>0</td>\n",
       "      <td>0</td>\n",
       "      <td>6</td>\n",
       "      <td>0</td>\n",
       "      <td>1</td>\n",
       "      <td>0.24</td>\n",
       "      <td>0.2879</td>\n",
       "      <td>0.81</td>\n",
       "      <td>0.0</td>\n",
       "      <td>3</td>\n",
       "      <td>13</td>\n",
       "      <td>16</td>\n",
       "    </tr>\n",
       "    <tr>\n",
       "      <th>1</th>\n",
       "      <td>2</td>\n",
       "      <td>2011-01-01</td>\n",
       "      <td>1</td>\n",
       "      <td>0</td>\n",
       "      <td>1</td>\n",
       "      <td>1</td>\n",
       "      <td>0</td>\n",
       "      <td>6</td>\n",
       "      <td>0</td>\n",
       "      <td>1</td>\n",
       "      <td>0.22</td>\n",
       "      <td>0.2727</td>\n",
       "      <td>0.80</td>\n",
       "      <td>0.0</td>\n",
       "      <td>8</td>\n",
       "      <td>32</td>\n",
       "      <td>40</td>\n",
       "    </tr>\n",
       "    <tr>\n",
       "      <th>2</th>\n",
       "      <td>3</td>\n",
       "      <td>2011-01-01</td>\n",
       "      <td>1</td>\n",
       "      <td>0</td>\n",
       "      <td>1</td>\n",
       "      <td>2</td>\n",
       "      <td>0</td>\n",
       "      <td>6</td>\n",
       "      <td>0</td>\n",
       "      <td>1</td>\n",
       "      <td>0.22</td>\n",
       "      <td>0.2727</td>\n",
       "      <td>0.80</td>\n",
       "      <td>0.0</td>\n",
       "      <td>5</td>\n",
       "      <td>27</td>\n",
       "      <td>32</td>\n",
       "    </tr>\n",
       "  </tbody>\n",
       "</table>\n",
       "</div>"
      ],
      "text/plain": [
       "   instant      dteday  season  yr  mnth  hr  holiday  weekday  workingday  \\\n",
       "0        1  2011-01-01       1   0     1   0        0        6           0   \n",
       "1        2  2011-01-01       1   0     1   1        0        6           0   \n",
       "2        3  2011-01-01       1   0     1   2        0        6           0   \n",
       "\n",
       "   weathersit  temp   atemp   hum  windspeed  casual  registered  cnt  \n",
       "0           1  0.24  0.2879  0.81        0.0       3          13   16  \n",
       "1           1  0.22  0.2727  0.80        0.0       8          32   40  \n",
       "2           1  0.22  0.2727  0.80        0.0       5          27   32  "
      ]
     },
     "execution_count": 3,
     "metadata": {},
     "output_type": "execute_result"
    }
   ],
   "source": [
    "# explore\n",
    "bikes_df.head(3)"
   ]
  },
  {
   "cell_type": "markdown",
   "metadata": {},
   "source": [
    "#### feature information   \n",
    "\n",
    "* instant: record index \n",
    "* dteday: datetime \n",
    "* season of the year (1: spring, 2: summer, 3: fall, 4: winter)\n",
    "* yr: (0:2011, 1: 2012) \n",
    "* mnth: month(1 to 12)\n",
    "* hr: hour (0 to 23) \n",
    "* holiday: (1 is holiday, 0 is not) \n",
    "* weekday: day of the week \n",
    "* working day: neither holiday or weekend is 1 otherwise 0\n",
    "* weathersit : \n",
    "  - 1: Clear, Few clouds, Partly cloudy, Partly cloudy\n",
    "  - 2: Mist + Cloudy, Mist + Broken clouds, Mist + Few clouds, Mist\n",
    "  - 3: Light Snow, Light Rain + Thunderstorm + Scattered clouds, Light Rain + Scattered clouds\n",
    "  - 4: Heavy Rain + Ice Pallets + Thunderstorm + Mist, Snow + Fog\n",
    "* temp : Normalized temperature in Celsius. The values are derived via (t-t_min)/(t_max-t_min), t_min=-8, t_max=+39 (only in hourly scale)\n",
    "* atemp: Normalized feeling temperature in Celsius. The values are derived via (t-t_min)/(t_max-t_min), t_min=-16, t_max=+50 (only in hourly scale)\n",
    "* hum: Normalized humidity. The values are divided to 100 (max)\n",
    "* windspeed: Normalized wind speed. The values are divided to 67 (max)\n",
    "* casual: count of casual users\n",
    "* registered: count of registered users\n",
    "* cnt: count of total rental bikes including both casual and registered"
   ]
  },
  {
   "cell_type": "code",
   "execution_count": null,
   "metadata": {
    "scrolled": true
   },
   "outputs": [],
   "source": [
    "# bikes_df.info()"
   ]
  },
  {
   "cell_type": "markdown",
   "metadata": {},
   "source": [
    "#### data type summary:\n",
    "\n",
    "* zero non null objects \n",
    "* dteday: convert to datetime object and set as index \n",
    "* convert season, yr, mnth, holiday, weekday, workingday, weathersit to categorical value "
   ]
  },
  {
   "cell_type": "code",
   "execution_count": 4,
   "metadata": {},
   "outputs": [
    {
     "data": {
      "text/html": [
       "<div>\n",
       "<style scoped>\n",
       "    .dataframe tbody tr th:only-of-type {\n",
       "        vertical-align: middle;\n",
       "    }\n",
       "\n",
       "    .dataframe tbody tr th {\n",
       "        vertical-align: top;\n",
       "    }\n",
       "\n",
       "    .dataframe thead th {\n",
       "        text-align: right;\n",
       "    }\n",
       "</style>\n",
       "<table border=\"1\" class=\"dataframe\">\n",
       "  <thead>\n",
       "    <tr style=\"text-align: right;\">\n",
       "      <th></th>\n",
       "      <th>dteday</th>\n",
       "      <th>season</th>\n",
       "      <th>yr</th>\n",
       "      <th>mnth</th>\n",
       "      <th>hr</th>\n",
       "      <th>holiday</th>\n",
       "      <th>weekday</th>\n",
       "      <th>workingday</th>\n",
       "      <th>weathersit</th>\n",
       "      <th>temp</th>\n",
       "      <th>atemp</th>\n",
       "      <th>hum</th>\n",
       "      <th>windspeed</th>\n",
       "      <th>casual</th>\n",
       "      <th>registered</th>\n",
       "      <th>cnt</th>\n",
       "    </tr>\n",
       "  </thead>\n",
       "  <tbody>\n",
       "    <tr>\n",
       "      <th>0</th>\n",
       "      <td>2011-01-01</td>\n",
       "      <td>1</td>\n",
       "      <td>0</td>\n",
       "      <td>1</td>\n",
       "      <td>0</td>\n",
       "      <td>0</td>\n",
       "      <td>6</td>\n",
       "      <td>0</td>\n",
       "      <td>1</td>\n",
       "      <td>0.24</td>\n",
       "      <td>0.2879</td>\n",
       "      <td>0.81</td>\n",
       "      <td>0.0</td>\n",
       "      <td>3</td>\n",
       "      <td>13</td>\n",
       "      <td>16</td>\n",
       "    </tr>\n",
       "    <tr>\n",
       "      <th>1</th>\n",
       "      <td>2011-01-01</td>\n",
       "      <td>1</td>\n",
       "      <td>0</td>\n",
       "      <td>1</td>\n",
       "      <td>1</td>\n",
       "      <td>0</td>\n",
       "      <td>6</td>\n",
       "      <td>0</td>\n",
       "      <td>1</td>\n",
       "      <td>0.22</td>\n",
       "      <td>0.2727</td>\n",
       "      <td>0.80</td>\n",
       "      <td>0.0</td>\n",
       "      <td>8</td>\n",
       "      <td>32</td>\n",
       "      <td>40</td>\n",
       "    </tr>\n",
       "  </tbody>\n",
       "</table>\n",
       "</div>"
      ],
      "text/plain": [
       "       dteday  season  yr  mnth  hr  holiday  weekday  workingday  weathersit  \\\n",
       "0  2011-01-01       1   0     1   0        0        6           0           1   \n",
       "1  2011-01-01       1   0     1   1        0        6           0           1   \n",
       "\n",
       "   temp   atemp   hum  windspeed  casual  registered  cnt  \n",
       "0  0.24  0.2879  0.81        0.0       3          13   16  \n",
       "1  0.22  0.2727  0.80        0.0       8          32   40  "
      ]
     },
     "execution_count": 4,
     "metadata": {},
     "output_type": "execute_result"
    }
   ],
   "source": [
    "# don't need instant column \n",
    "bikes_df.drop(columns=['instant'], inplace=True)\n",
    "bikes_df.head(2)"
   ]
  },
  {
   "cell_type": "code",
   "execution_count": 5,
   "metadata": {},
   "outputs": [],
   "source": [
    "# convert dteday as datetime object \n",
    "bikes_df['dteday'] = pd.to_datetime(bikes_df.dteday)\n",
    "# set dteday as index \n",
    "bikes_df.set_index('dteday',inplace=True)"
   ]
  },
  {
   "cell_type": "code",
   "execution_count": 6,
   "metadata": {},
   "outputs": [],
   "source": [
    "# hour will convert to string and change into categorical\n",
    "bikes_df['hr'] = bikes_df.hr.astype('str').astype('category')"
   ]
  },
  {
   "cell_type": "code",
   "execution_count": 7,
   "metadata": {},
   "outputs": [],
   "source": [
    "# convert numerical columns to categorical columns \n",
    "# columns of interest \n",
    "cat_cols = ['season','yr','mnth','holiday','weekday','workingday','weathersit']\n",
    "col_dict_maps = [{1:'spring',2:'summer',3:'fall',4:'winter'},\n",
    "                {0:'2011', 1: '2012'}, \n",
    "                {1:'jan', 2:'feb',3:'mar',4:'apr',5:'may', 6:'jun',7:'jul',8:'aug',\n",
    "                 9:'sep',10:'oct',11:'nov',12:'dec'}, {1:'holiday',0:'not_holiday'},\n",
    "                {0:'Sun',1:'Mon',2:'Tue',3:'Wed',4:'Thu',5:'Fri',6:'Sat'},\n",
    "                {1:'working',0:'not_working'},\n",
    "                {1:'clear',2:'mist',3:'light_rain_snow',4:'heavy_rain_snow'}]\n",
    "for col, dict_map in zip(cat_cols,col_dict_maps):\n",
    "    bikes_df[col] = dataclean.change_colvalue(bikes_df,col, dict_map)   "
   ]
  },
  {
   "cell_type": "code",
   "execution_count": 8,
   "metadata": {},
   "outputs": [],
   "source": [
    "# convert them to categorical value\n",
    "bikes_df[cat_cols] = bikes_df[cat_cols].astype('category')"
   ]
  },
  {
   "cell_type": "code",
   "execution_count": 9,
   "metadata": {},
   "outputs": [],
   "source": [
    "# one hot encoder \n",
    "bikes_df = pd.get_dummies(bikes_df,drop_first=True )"
   ]
  },
  {
   "cell_type": "code",
   "execution_count": 10,
   "metadata": {},
   "outputs": [
    {
     "data": {
      "text/html": [
       "<div>\n",
       "<style scoped>\n",
       "    .dataframe tbody tr th:only-of-type {\n",
       "        vertical-align: middle;\n",
       "    }\n",
       "\n",
       "    .dataframe tbody tr th {\n",
       "        vertical-align: top;\n",
       "    }\n",
       "\n",
       "    .dataframe thead th {\n",
       "        text-align: right;\n",
       "    }\n",
       "</style>\n",
       "<table border=\"1\" class=\"dataframe\">\n",
       "  <thead>\n",
       "    <tr style=\"text-align: right;\">\n",
       "      <th></th>\n",
       "      <th>casual</th>\n",
       "      <th>registered</th>\n",
       "    </tr>\n",
       "  </thead>\n",
       "  <tbody>\n",
       "    <tr>\n",
       "      <th>count</th>\n",
       "      <td>17379.000000</td>\n",
       "      <td>17379.000000</td>\n",
       "    </tr>\n",
       "    <tr>\n",
       "      <th>mean</th>\n",
       "      <td>0.172143</td>\n",
       "      <td>0.827857</td>\n",
       "    </tr>\n",
       "    <tr>\n",
       "      <th>std</th>\n",
       "      <td>0.136557</td>\n",
       "      <td>0.136557</td>\n",
       "    </tr>\n",
       "    <tr>\n",
       "      <th>min</th>\n",
       "      <td>0.000000</td>\n",
       "      <td>0.000000</td>\n",
       "    </tr>\n",
       "    <tr>\n",
       "      <th>25%</th>\n",
       "      <td>0.063492</td>\n",
       "      <td>0.746269</td>\n",
       "    </tr>\n",
       "    <tr>\n",
       "      <th>50%</th>\n",
       "      <td>0.146893</td>\n",
       "      <td>0.853107</td>\n",
       "    </tr>\n",
       "    <tr>\n",
       "      <th>75%</th>\n",
       "      <td>0.253731</td>\n",
       "      <td>0.936508</td>\n",
       "    </tr>\n",
       "    <tr>\n",
       "      <th>max</th>\n",
       "      <td>1.000000</td>\n",
       "      <td>1.000000</td>\n",
       "    </tr>\n",
       "  </tbody>\n",
       "</table>\n",
       "</div>"
      ],
      "text/plain": [
       "             casual    registered\n",
       "count  17379.000000  17379.000000\n",
       "mean       0.172143      0.827857\n",
       "std        0.136557      0.136557\n",
       "min        0.000000      0.000000\n",
       "25%        0.063492      0.746269\n",
       "50%        0.146893      0.853107\n",
       "75%        0.253731      0.936508\n",
       "max        1.000000      1.000000"
      ]
     },
     "execution_count": 10,
     "metadata": {},
     "output_type": "execute_result"
    }
   ],
   "source": [
    "props_users = dataclean.convert_to_prop(bikes_df, ['casual','registered','cnt'])\n",
    "props_users.describe()\n",
    "# if casual user is more than average, we will say more casual users than usual "
   ]
  },
  {
   "cell_type": "code",
   "execution_count": 11,
   "metadata": {},
   "outputs": [
    {
     "data": {
      "text/plain": [
       "0    11121\n",
       "1     6258\n",
       "Name: above_avg_casual, dtype: int64"
      ]
     },
     "execution_count": 11,
     "metadata": {},
     "output_type": "execute_result"
    }
   ],
   "source": [
    "# create a binary outcome col for logistic regression \n",
    "# cut off is at 0.2 then above average casual user \n",
    "# 0 is no and 1 is yes \n",
    "bikes_df['above_avg_casual'] = np.where(props_users.casual > 0.2, 1,0)\n",
    "# binary target \n",
    "bikes_df.above_avg_casual.value_counts()\n",
    "# an imbalance in class so we will play with sampling when perform logistic regression "
   ]
  },
  {
   "cell_type": "code",
   "execution_count": 12,
   "metadata": {},
   "outputs": [],
   "source": [
    "# drop casual and registered colnames \n",
    "bikes_df.drop(columns=['casual','registered'], inplace = True)"
   ]
  },
  {
   "cell_type": "code",
   "execution_count": 13,
   "metadata": {},
   "outputs": [
    {
     "data": {
      "text/html": [
       "<div>\n",
       "<style scoped>\n",
       "    .dataframe tbody tr th:only-of-type {\n",
       "        vertical-align: middle;\n",
       "    }\n",
       "\n",
       "    .dataframe tbody tr th {\n",
       "        vertical-align: top;\n",
       "    }\n",
       "\n",
       "    .dataframe thead th {\n",
       "        text-align: right;\n",
       "    }\n",
       "</style>\n",
       "<table border=\"1\" class=\"dataframe\">\n",
       "  <thead>\n",
       "    <tr style=\"text-align: right;\">\n",
       "      <th></th>\n",
       "      <th>temp</th>\n",
       "      <th>atemp</th>\n",
       "      <th>cnt</th>\n",
       "      <th>above_avg_casual</th>\n",
       "    </tr>\n",
       "  </thead>\n",
       "  <tbody>\n",
       "    <tr>\n",
       "      <th>temp</th>\n",
       "      <td>1.000000</td>\n",
       "      <td>0.987672</td>\n",
       "      <td>0.404772</td>\n",
       "      <td>0.351232</td>\n",
       "    </tr>\n",
       "    <tr>\n",
       "      <th>atemp</th>\n",
       "      <td>0.987672</td>\n",
       "      <td>1.000000</td>\n",
       "      <td>0.400929</td>\n",
       "      <td>0.350031</td>\n",
       "    </tr>\n",
       "    <tr>\n",
       "      <th>cnt</th>\n",
       "      <td>0.404772</td>\n",
       "      <td>0.400929</td>\n",
       "      <td>1.000000</td>\n",
       "      <td>0.070084</td>\n",
       "    </tr>\n",
       "    <tr>\n",
       "      <th>above_avg_casual</th>\n",
       "      <td>0.351232</td>\n",
       "      <td>0.350031</td>\n",
       "      <td>0.070084</td>\n",
       "      <td>1.000000</td>\n",
       "    </tr>\n",
       "  </tbody>\n",
       "</table>\n",
       "</div>"
      ],
      "text/plain": [
       "                      temp     atemp       cnt  above_avg_casual\n",
       "temp              1.000000  0.987672  0.404772          0.351232\n",
       "atemp             0.987672  1.000000  0.400929          0.350031\n",
       "cnt               0.404772  0.400929  1.000000          0.070084\n",
       "above_avg_casual  0.351232  0.350031  0.070084          1.000000"
      ]
     },
     "execution_count": 13,
     "metadata": {},
     "output_type": "execute_result"
    }
   ],
   "source": [
    "bikes_df[['temp','atemp','cnt','above_avg_casual']].corr()\n",
    "# we will pick temp as highly correlated "
   ]
  },
  {
   "cell_type": "code",
   "execution_count": 14,
   "metadata": {},
   "outputs": [],
   "source": [
    "bikes_df.drop(columns=['atemp'], inplace = True)"
   ]
  },
  {
   "cell_type": "code",
   "execution_count": 15,
   "metadata": {
    "scrolled": true
   },
   "outputs": [
    {
     "data": {
      "text/html": [
       "<div>\n",
       "<style scoped>\n",
       "    .dataframe tbody tr th:only-of-type {\n",
       "        vertical-align: middle;\n",
       "    }\n",
       "\n",
       "    .dataframe tbody tr th {\n",
       "        vertical-align: top;\n",
       "    }\n",
       "\n",
       "    .dataframe thead th {\n",
       "        text-align: right;\n",
       "    }\n",
       "</style>\n",
       "<table border=\"1\" class=\"dataframe\">\n",
       "  <thead>\n",
       "    <tr style=\"text-align: right;\">\n",
       "      <th></th>\n",
       "      <th>cnt</th>\n",
       "      <th>season_spring</th>\n",
       "      <th>season_winter</th>\n",
       "      <th>season_summer</th>\n",
       "      <th>above_avg_casual</th>\n",
       "    </tr>\n",
       "  </thead>\n",
       "  <tbody>\n",
       "    <tr>\n",
       "      <th>cnt</th>\n",
       "      <td>1.000000</td>\n",
       "      <td>-0.245456</td>\n",
       "      <td>0.029421</td>\n",
       "      <td>0.060692</td>\n",
       "      <td>0.070084</td>\n",
       "    </tr>\n",
       "    <tr>\n",
       "      <th>season_spring</th>\n",
       "      <td>-0.245456</td>\n",
       "      <td>1.000000</td>\n",
       "      <td>-0.322401</td>\n",
       "      <td>-0.331312</td>\n",
       "      <td>-0.201344</td>\n",
       "    </tr>\n",
       "    <tr>\n",
       "      <th>season_winter</th>\n",
       "      <td>0.029421</td>\n",
       "      <td>-0.322401</td>\n",
       "      <td>1.000000</td>\n",
       "      <td>-0.330795</td>\n",
       "      <td>-0.119506</td>\n",
       "    </tr>\n",
       "    <tr>\n",
       "      <th>season_summer</th>\n",
       "      <td>0.060692</td>\n",
       "      <td>-0.331312</td>\n",
       "      <td>-0.330795</td>\n",
       "      <td>1.000000</td>\n",
       "      <td>0.135363</td>\n",
       "    </tr>\n",
       "    <tr>\n",
       "      <th>above_avg_casual</th>\n",
       "      <td>0.070084</td>\n",
       "      <td>-0.201344</td>\n",
       "      <td>-0.119506</td>\n",
       "      <td>0.135363</td>\n",
       "      <td>1.000000</td>\n",
       "    </tr>\n",
       "  </tbody>\n",
       "</table>\n",
       "</div>"
      ],
      "text/plain": [
       "                       cnt  season_spring  season_winter  season_summer  \\\n",
       "cnt               1.000000      -0.245456       0.029421       0.060692   \n",
       "season_spring    -0.245456       1.000000      -0.322401      -0.331312   \n",
       "season_winter     0.029421      -0.322401       1.000000      -0.330795   \n",
       "season_summer     0.060692      -0.331312      -0.330795       1.000000   \n",
       "above_avg_casual  0.070084      -0.201344      -0.119506       0.135363   \n",
       "\n",
       "                  above_avg_casual  \n",
       "cnt                       0.070084  \n",
       "season_spring            -0.201344  \n",
       "season_winter            -0.119506  \n",
       "season_summer             0.135363  \n",
       "above_avg_casual          1.000000  "
      ]
     },
     "execution_count": 15,
     "metadata": {},
     "output_type": "execute_result"
    }
   ],
   "source": [
    "# look seasonality or month for features \n",
    "bikes_df[['cnt','season_spring', 'season_winter', 'season_summer','above_avg_casual']].corr()"
   ]
  },
  {
   "cell_type": "code",
   "execution_count": 16,
   "metadata": {},
   "outputs": [
    {
     "data": {
      "text/html": [
       "<div>\n",
       "<style scoped>\n",
       "    .dataframe tbody tr th:only-of-type {\n",
       "        vertical-align: middle;\n",
       "    }\n",
       "\n",
       "    .dataframe tbody tr th {\n",
       "        vertical-align: top;\n",
       "    }\n",
       "\n",
       "    .dataframe thead th {\n",
       "        text-align: right;\n",
       "    }\n",
       "</style>\n",
       "<table border=\"1\" class=\"dataframe\">\n",
       "  <thead>\n",
       "    <tr style=\"text-align: right;\">\n",
       "      <th></th>\n",
       "      <th>cnt</th>\n",
       "      <th>mnth_dec</th>\n",
       "      <th>mnth_aug</th>\n",
       "      <th>mnth_feb</th>\n",
       "      <th>mnth_jan</th>\n",
       "      <th>mnth_jul</th>\n",
       "      <th>mnth_jun</th>\n",
       "      <th>mnth_mar</th>\n",
       "      <th>mnth_may</th>\n",
       "      <th>mnth_nov</th>\n",
       "      <th>mnth_oct</th>\n",
       "      <th>mnth_sep</th>\n",
       "      <th>above_avg_casual</th>\n",
       "    </tr>\n",
       "  </thead>\n",
       "  <tbody>\n",
       "    <tr>\n",
       "      <th>cnt</th>\n",
       "      <td>1.000000</td>\n",
       "      <td>-0.079415</td>\n",
       "      <td>0.081657</td>\n",
       "      <td>-0.122113</td>\n",
       "      <td>-0.156834</td>\n",
       "      <td>0.071459</td>\n",
       "      <td>0.084600</td>\n",
       "      <td>-0.057131</td>\n",
       "      <td>0.056422</td>\n",
       "      <td>-0.020074</td>\n",
       "      <td>0.054406</td>\n",
       "      <td>0.084931</td>\n",
       "      <td>0.070084</td>\n",
       "    </tr>\n",
       "    <tr>\n",
       "      <th>mnth_dec</th>\n",
       "      <td>-0.079415</td>\n",
       "      <td>1.000000</td>\n",
       "      <td>-0.093019</td>\n",
       "      <td>-0.088321</td>\n",
       "      <td>-0.091424</td>\n",
       "      <td>-0.093466</td>\n",
       "      <td>-0.091807</td>\n",
       "      <td>-0.092950</td>\n",
       "      <td>-0.093466</td>\n",
       "      <td>-0.091703</td>\n",
       "      <td>-0.092189</td>\n",
       "      <td>-0.091703</td>\n",
       "      <td>-0.138164</td>\n",
       "    </tr>\n",
       "    <tr>\n",
       "      <th>mnth_aug</th>\n",
       "      <td>0.081657</td>\n",
       "      <td>-0.093019</td>\n",
       "      <td>1.000000</td>\n",
       "      <td>-0.088061</td>\n",
       "      <td>-0.091155</td>\n",
       "      <td>-0.093190</td>\n",
       "      <td>-0.091536</td>\n",
       "      <td>-0.092675</td>\n",
       "      <td>-0.093190</td>\n",
       "      <td>-0.091432</td>\n",
       "      <td>-0.091917</td>\n",
       "      <td>-0.091432</td>\n",
       "      <td>0.087257</td>\n",
       "    </tr>\n",
       "    <tr>\n",
       "      <th>mnth_feb</th>\n",
       "      <td>-0.122113</td>\n",
       "      <td>-0.088321</td>\n",
       "      <td>-0.088061</td>\n",
       "      <td>1.000000</td>\n",
       "      <td>-0.086552</td>\n",
       "      <td>-0.088484</td>\n",
       "      <td>-0.086914</td>\n",
       "      <td>-0.087995</td>\n",
       "      <td>-0.088484</td>\n",
       "      <td>-0.086815</td>\n",
       "      <td>-0.087276</td>\n",
       "      <td>-0.086815</td>\n",
       "      <td>-0.133360</td>\n",
       "    </tr>\n",
       "    <tr>\n",
       "      <th>mnth_jan</th>\n",
       "      <td>-0.156834</td>\n",
       "      <td>-0.091424</td>\n",
       "      <td>-0.091155</td>\n",
       "      <td>-0.086552</td>\n",
       "      <td>1.000000</td>\n",
       "      <td>-0.091593</td>\n",
       "      <td>-0.089968</td>\n",
       "      <td>-0.091087</td>\n",
       "      <td>-0.091593</td>\n",
       "      <td>-0.089865</td>\n",
       "      <td>-0.090342</td>\n",
       "      <td>-0.089865</td>\n",
       "      <td>-0.156463</td>\n",
       "    </tr>\n",
       "    <tr>\n",
       "      <th>mnth_jul</th>\n",
       "      <td>0.071459</td>\n",
       "      <td>-0.093466</td>\n",
       "      <td>-0.093190</td>\n",
       "      <td>-0.088484</td>\n",
       "      <td>-0.091593</td>\n",
       "      <td>1.000000</td>\n",
       "      <td>-0.091976</td>\n",
       "      <td>-0.093121</td>\n",
       "      <td>-0.093638</td>\n",
       "      <td>-0.091872</td>\n",
       "      <td>-0.092359</td>\n",
       "      <td>-0.091872</td>\n",
       "      <td>0.133743</td>\n",
       "    </tr>\n",
       "    <tr>\n",
       "      <th>mnth_jun</th>\n",
       "      <td>0.084600</td>\n",
       "      <td>-0.091807</td>\n",
       "      <td>-0.091536</td>\n",
       "      <td>-0.086914</td>\n",
       "      <td>-0.089968</td>\n",
       "      <td>-0.091976</td>\n",
       "      <td>1.000000</td>\n",
       "      <td>-0.091469</td>\n",
       "      <td>-0.091976</td>\n",
       "      <td>-0.090242</td>\n",
       "      <td>-0.090720</td>\n",
       "      <td>-0.090242</td>\n",
       "      <td>0.082388</td>\n",
       "    </tr>\n",
       "    <tr>\n",
       "      <th>mnth_mar</th>\n",
       "      <td>-0.057131</td>\n",
       "      <td>-0.092950</td>\n",
       "      <td>-0.092675</td>\n",
       "      <td>-0.087995</td>\n",
       "      <td>-0.091087</td>\n",
       "      <td>-0.093121</td>\n",
       "      <td>-0.091469</td>\n",
       "      <td>1.000000</td>\n",
       "      <td>-0.093121</td>\n",
       "      <td>-0.091365</td>\n",
       "      <td>-0.091849</td>\n",
       "      <td>-0.091365</td>\n",
       "      <td>0.004126</td>\n",
       "    </tr>\n",
       "    <tr>\n",
       "      <th>mnth_may</th>\n",
       "      <td>0.056422</td>\n",
       "      <td>-0.093466</td>\n",
       "      <td>-0.093190</td>\n",
       "      <td>-0.088484</td>\n",
       "      <td>-0.091593</td>\n",
       "      <td>-0.093638</td>\n",
       "      <td>-0.091976</td>\n",
       "      <td>-0.093121</td>\n",
       "      <td>1.000000</td>\n",
       "      <td>-0.091872</td>\n",
       "      <td>-0.092359</td>\n",
       "      <td>-0.091872</td>\n",
       "      <td>0.094758</td>\n",
       "    </tr>\n",
       "    <tr>\n",
       "      <th>mnth_nov</th>\n",
       "      <td>-0.020074</td>\n",
       "      <td>-0.091703</td>\n",
       "      <td>-0.091432</td>\n",
       "      <td>-0.086815</td>\n",
       "      <td>-0.089865</td>\n",
       "      <td>-0.091872</td>\n",
       "      <td>-0.090242</td>\n",
       "      <td>-0.091365</td>\n",
       "      <td>-0.091872</td>\n",
       "      <td>1.000000</td>\n",
       "      <td>-0.090617</td>\n",
       "      <td>-0.090139</td>\n",
       "      <td>-0.072446</td>\n",
       "    </tr>\n",
       "    <tr>\n",
       "      <th>mnth_oct</th>\n",
       "      <td>0.054406</td>\n",
       "      <td>-0.092189</td>\n",
       "      <td>-0.091917</td>\n",
       "      <td>-0.087276</td>\n",
       "      <td>-0.090342</td>\n",
       "      <td>-0.092359</td>\n",
       "      <td>-0.090720</td>\n",
       "      <td>-0.091849</td>\n",
       "      <td>-0.092359</td>\n",
       "      <td>-0.090617</td>\n",
       "      <td>1.000000</td>\n",
       "      <td>-0.090617</td>\n",
       "      <td>-0.005846</td>\n",
       "    </tr>\n",
       "    <tr>\n",
       "      <th>mnth_sep</th>\n",
       "      <td>0.084931</td>\n",
       "      <td>-0.091703</td>\n",
       "      <td>-0.091432</td>\n",
       "      <td>-0.086815</td>\n",
       "      <td>-0.089865</td>\n",
       "      <td>-0.091872</td>\n",
       "      <td>-0.090242</td>\n",
       "      <td>-0.091365</td>\n",
       "      <td>-0.091872</td>\n",
       "      <td>-0.090139</td>\n",
       "      <td>-0.090617</td>\n",
       "      <td>1.000000</td>\n",
       "      <td>0.044200</td>\n",
       "    </tr>\n",
       "    <tr>\n",
       "      <th>above_avg_casual</th>\n",
       "      <td>0.070084</td>\n",
       "      <td>-0.138164</td>\n",
       "      <td>0.087257</td>\n",
       "      <td>-0.133360</td>\n",
       "      <td>-0.156463</td>\n",
       "      <td>0.133743</td>\n",
       "      <td>0.082388</td>\n",
       "      <td>0.004126</td>\n",
       "      <td>0.094758</td>\n",
       "      <td>-0.072446</td>\n",
       "      <td>-0.005846</td>\n",
       "      <td>0.044200</td>\n",
       "      <td>1.000000</td>\n",
       "    </tr>\n",
       "  </tbody>\n",
       "</table>\n",
       "</div>"
      ],
      "text/plain": [
       "                       cnt  mnth_dec  mnth_aug  mnth_feb  mnth_jan  mnth_jul  \\\n",
       "cnt               1.000000 -0.079415  0.081657 -0.122113 -0.156834  0.071459   \n",
       "mnth_dec         -0.079415  1.000000 -0.093019 -0.088321 -0.091424 -0.093466   \n",
       "mnth_aug          0.081657 -0.093019  1.000000 -0.088061 -0.091155 -0.093190   \n",
       "mnth_feb         -0.122113 -0.088321 -0.088061  1.000000 -0.086552 -0.088484   \n",
       "mnth_jan         -0.156834 -0.091424 -0.091155 -0.086552  1.000000 -0.091593   \n",
       "mnth_jul          0.071459 -0.093466 -0.093190 -0.088484 -0.091593  1.000000   \n",
       "mnth_jun          0.084600 -0.091807 -0.091536 -0.086914 -0.089968 -0.091976   \n",
       "mnth_mar         -0.057131 -0.092950 -0.092675 -0.087995 -0.091087 -0.093121   \n",
       "mnth_may          0.056422 -0.093466 -0.093190 -0.088484 -0.091593 -0.093638   \n",
       "mnth_nov         -0.020074 -0.091703 -0.091432 -0.086815 -0.089865 -0.091872   \n",
       "mnth_oct          0.054406 -0.092189 -0.091917 -0.087276 -0.090342 -0.092359   \n",
       "mnth_sep          0.084931 -0.091703 -0.091432 -0.086815 -0.089865 -0.091872   \n",
       "above_avg_casual  0.070084 -0.138164  0.087257 -0.133360 -0.156463  0.133743   \n",
       "\n",
       "                  mnth_jun  mnth_mar  mnth_may  mnth_nov  mnth_oct  mnth_sep  \\\n",
       "cnt               0.084600 -0.057131  0.056422 -0.020074  0.054406  0.084931   \n",
       "mnth_dec         -0.091807 -0.092950 -0.093466 -0.091703 -0.092189 -0.091703   \n",
       "mnth_aug         -0.091536 -0.092675 -0.093190 -0.091432 -0.091917 -0.091432   \n",
       "mnth_feb         -0.086914 -0.087995 -0.088484 -0.086815 -0.087276 -0.086815   \n",
       "mnth_jan         -0.089968 -0.091087 -0.091593 -0.089865 -0.090342 -0.089865   \n",
       "mnth_jul         -0.091976 -0.093121 -0.093638 -0.091872 -0.092359 -0.091872   \n",
       "mnth_jun          1.000000 -0.091469 -0.091976 -0.090242 -0.090720 -0.090242   \n",
       "mnth_mar         -0.091469  1.000000 -0.093121 -0.091365 -0.091849 -0.091365   \n",
       "mnth_may         -0.091976 -0.093121  1.000000 -0.091872 -0.092359 -0.091872   \n",
       "mnth_nov         -0.090242 -0.091365 -0.091872  1.000000 -0.090617 -0.090139   \n",
       "mnth_oct         -0.090720 -0.091849 -0.092359 -0.090617  1.000000 -0.090617   \n",
       "mnth_sep         -0.090242 -0.091365 -0.091872 -0.090139 -0.090617  1.000000   \n",
       "above_avg_casual  0.082388  0.004126  0.094758 -0.072446 -0.005846  0.044200   \n",
       "\n",
       "                  above_avg_casual  \n",
       "cnt                       0.070084  \n",
       "mnth_dec                 -0.138164  \n",
       "mnth_aug                  0.087257  \n",
       "mnth_feb                 -0.133360  \n",
       "mnth_jan                 -0.156463  \n",
       "mnth_jul                  0.133743  \n",
       "mnth_jun                  0.082388  \n",
       "mnth_mar                  0.004126  \n",
       "mnth_may                  0.094758  \n",
       "mnth_nov                 -0.072446  \n",
       "mnth_oct                 -0.005846  \n",
       "mnth_sep                  0.044200  \n",
       "above_avg_casual          1.000000  "
      ]
     },
     "execution_count": 16,
     "metadata": {},
     "output_type": "execute_result"
    }
   ],
   "source": [
    "bikes_df[['cnt','mnth_dec','mnth_aug', 'mnth_feb', \n",
    "          'mnth_jan', 'mnth_jul', 'mnth_jun', 'mnth_mar','mnth_may', 'mnth_nov', \n",
    "          'mnth_oct', 'mnth_sep','above_avg_casual']].corr()"
   ]
  },
  {
   "cell_type": "code",
   "execution_count": 17,
   "metadata": {},
   "outputs": [],
   "source": [
    "# choose seasonality or month as higher correlation and less cols\n",
    "bikes_df.drop(columns=['mnth_dec','mnth_aug', 'mnth_feb', \n",
    "          'mnth_jan', 'mnth_jul', 'mnth_jun', 'mnth_mar','mnth_may', 'mnth_nov', \n",
    "          'mnth_oct', 'mnth_sep'], inplace=True)"
   ]
  },
  {
   "cell_type": "code",
   "execution_count": 18,
   "metadata": {},
   "outputs": [
    {
     "data": {
      "text/plain": [
       "array([[<matplotlib.axes._subplots.AxesSubplot object at 0x12a29cb00>,\n",
       "        <matplotlib.axes._subplots.AxesSubplot object at 0x12a38e588>,\n",
       "        <matplotlib.axes._subplots.AxesSubplot object at 0x12a35d6d8>],\n",
       "       [<matplotlib.axes._subplots.AxesSubplot object at 0x12a495828>,\n",
       "        <matplotlib.axes._subplots.AxesSubplot object at 0x12a9cc978>,\n",
       "        <matplotlib.axes._subplots.AxesSubplot object at 0x12a66dac8>],\n",
       "       [<matplotlib.axes._subplots.AxesSubplot object at 0x12a747c18>,\n",
       "        <matplotlib.axes._subplots.AxesSubplot object at 0x12a7d4da0>,\n",
       "        <matplotlib.axes._subplots.AxesSubplot object at 0x12a7d4dd8>]],\n",
       "      dtype=object)"
      ]
     },
     "execution_count": 18,
     "metadata": {},
     "output_type": "execute_result"
    },
    {
     "data": {
