{
 "cells": [
  {
   "cell_type": "code",
   "execution_count": 7,
   "metadata": {},
   "outputs": [],
   "source": [
    "# import libraries \n",
    "import pandas as pd \n",
    "import numpy as np \n",
    "import matplotlib.pyplot as plt\n",
    "%matplotlib inline\n",
    "import seaborn as sns"
   ]
  },
  {
   "cell_type": "code",
   "execution_count": 3,
   "metadata": {},
   "outputs": [],
   "source": [
    "# load hourly dataset\n",
    "bikes_df = pd.read_csv('bike_sharing_dataset/hour.csv')"
   ]
  },
  {
   "cell_type": "code",
   "execution_count": 5,
   "metadata": {},
   "outputs": [
    {
     "data": {
      "text/html": [
       "<div>\n",
       "<style scoped>\n",
       "    .dataframe tbody tr th:only-of-type {\n",
       "        vertical-align: middle;\n",
       "    }\n",
       "\n",
       "    .dataframe tbody tr th {\n",
       "        vertical-align: top;\n",
       "    }\n",
       "\n",
       "    .dataframe thead th {\n",
       "        text-align: right;\n",
       "    }\n",
       "</style>\n",
       "<table border=\"1\" class=\"dataframe\">\n",
       "  <thead>\n",
       "    <tr style=\"text-align: right;\">\n",
       "      <th></th>\n",
       "      <th>instant</th>\n",
       "      <th>dteday</th>\n",
       "      <th>season</th>\n",
       "      <th>yr</th>\n",
       "      <th>mnth</th>\n",
       "      <th>hr</th>\n",
       "      <th>holiday</th>\n",
       "      <th>weekday</th>\n",
       "      <th>workingday</th>\n",
       "      <th>weathersit</th>\n",
       "      <th>temp</th>\n",
       "      <th>atemp</th>\n",
       "      <th>hum</th>\n",
       "      <th>windspeed</th>\n",
       "      <th>casual</th>\n",
       "      <th>registered</th>\n",
       "      <th>cnt</th>\n",
       "    </tr>\n",
       "  </thead>\n",
       "  <tbody>\n",
       "    <tr>\n",
       "      <th>0</th>\n",
       "      <td>1</td>\n",
       "      <td>2011-01-01</td>\n",
       "      <td>1</td>\n",
       "      <td>0</td>\n",
       "      <td>1</td>\n",
       "      <td>0</td>\n",
       "      <td>0</td>\n",
       "      <td>6</td>\n",
       "      <td>0</td>\n",
       "      <td>1</td>\n",
       "      <td>0.24</td>\n",
       "      <td>0.2879</td>\n",
       "      <td>0.81</td>\n",
       "      <td>0.0</td>\n",
       "      <td>3</td>\n",
       "      <td>13</td>\n",
       "      <td>16</td>\n",
       "    </tr>\n",
       "    <tr>\n",
       "      <th>1</th>\n",
       "      <td>2</td>\n",
       "      <td>2011-01-01</td>\n",
       "      <td>1</td>\n",
       "      <td>0</td>\n",
       "      <td>1</td>\n",
       "      <td>1</td>\n",
       "      <td>0</td>\n",
       "      <td>6</td>\n",
       "      <td>0</td>\n",
       "      <td>1</td>\n",
       "      <td>0.22</td>\n",
       "      <td>0.2727</td>\n",
       "      <td>0.80</td>\n",
       "      <td>0.0</td>\n",
       "      <td>8</td>\n",
       "      <td>32</td>\n",
       "      <td>40</td>\n",
       "    </tr>\n",
       "    <tr>\n",
       "      <th>2</th>\n",
       "      <td>3</td>\n",
       "      <td>2011-01-01</td>\n",
       "      <td>1</td>\n",
       "      <td>0</td>\n",
       "      <td>1</td>\n",
       "      <td>2</td>\n",
       "      <td>0</td>\n",
       "      <td>6</td>\n",
       "      <td>0</td>\n",
       "      <td>1</td>\n",
       "      <td>0.22</td>\n",
       "      <td>0.2727</td>\n",
       "      <td>0.80</td>\n",
       "      <td>0.0</td>\n",
       "      <td>5</td>\n",
       "      <td>27</td>\n",
       "      <td>32</td>\n",
       "    </tr>\n",
       "  </tbody>\n",
       "</table>\n",
       "</div>"
      ],
      "text/plain": [
       "   instant      dteday  season  yr  mnth  hr  holiday  weekday  workingday  \\\n",
       "0        1  2011-01-01       1   0     1   0        0        6           0   \n",
       "1        2  2011-01-01       1   0     1   1        0        6           0   \n",
       "2        3  2011-01-01       1   0     1   2        0        6           0   \n",
       "\n",
       "   weathersit  temp   atemp   hum  windspeed  casual  registered  cnt  \n",
       "0           1  0.24  0.2879  0.81        0.0       3          13   16  \n",
       "1           1  0.22  0.2727  0.80        0.0       8          32   40  \n",
       "2           1  0.22  0.2727  0.80        0.0       5          27   32  "
      ]
     },
     "execution_count": 5,
     "metadata": {},
     "output_type": "execute_result"
    }
   ],
   "source": [
    "# explore\n",
    "bikes_df.head(3)"
   ]
  },
  {
   "cell_type": "markdown",
   "metadata": {},
   "source": [
    "#### feature information   \n",
    "\n",
    "* instant: record index \n",
    "* dteday: datetime \n",
    "* season of the year (1: spring, 2: summer, 3: fall, 4: winter)\n",
    "* yr: (0:2011, 1: 2012) \n",
    "* mnth: month(1 to 12)\n",
    "* hr: hour (0 to 23) \n",
    "* holiday: (1 is holiday, 0 is not) \n",
    "* weekday: day of the week \n",
    "* working day: neither holiday or weekend is 1 otherwise 0\n",
    "* weathersit : \n",
    "  - 1: Clear, Few clouds, Partly cloudy, Partly cloudy\n",
    "  - 2: Mist + Cloudy, Mist + Broken clouds, Mist + Few clouds, Mist\n",
    "  - 3: Light Snow, Light Rain + Thunderstorm + Scattered clouds, Light Rain + Scattered clouds\n",
    "  - 4: Heavy Rain + Ice Pallets + Thunderstorm + Mist, Snow + Fog\n",
    "* temp : Normalized temperature in Celsius. The values are derived via (t-t_min)/(t_max-t_min), t_min=-8, t_max=+39 (only in hourly scale)\n",
    "* atemp: Normalized feeling temperature in Celsius. The values are derived via (t-t_min)/(t_max-t_min), t_min=-16, t_max=+50 (only in hourly scale)\n",
    "* hum: Normalized humidity. The values are divided to 100 (max)\n",
    "* windspeed: Normalized wind speed. The values are divided to 67 (max)\n",
    "* casual: count of casual users\n",
    "* registered: count of registered users\n",
    "* cnt: count of total rental bikes including both casual and registered"
   ]
  },
  {
   "cell_type": "code",
   "execution_count": 6,
   "metadata": {
    "scrolled": true
   },
   "outputs": [
    {
     "name": "stdout",
     "output_type": "stream",
     "text": [
      "<class 'pandas.core.frame.DataFrame'>\n",
      "RangeIndex: 17379 entries, 0 to 17378\n",
      "Data columns (total 17 columns):\n",
      "instant       17379 non-null int64\n",
      "dteday        17379 non-null object\n",
      "season        17379 non-null int64\n",
      "yr            17379 non-null int64\n",
      "mnth          17379 non-null int64\n",
      "hr            17379 non-null int64\n",
      "holiday       17379 non-null int64\n",
      "weekday       17379 non-null int64\n",
      "workingday    17379 non-null int64\n",
      "weathersit    17379 non-null int64\n",
      "temp          17379 non-null float64\n",
      "atemp         17379 non-null float64\n",
      "hum           17379 non-null float64\n",
      "windspeed     17379 non-null float64\n",
      "casual        17379 non-null int64\n",
      "registered    17379 non-null int64\n",
      "cnt           17379 non-null int64\n",
      "dtypes: float64(4), int64(12), object(1)\n",
      "memory usage: 2.3+ MB\n"
     ]
    }
   ],
   "source": [
    "bikes_df.info()"
   ]
  },
  {
   "cell_type": "markdown",
   "metadata": {},
   "source": [
    "#### data type summary:\n",
    "\n",
    "* zero non null objects \n",
    "* dteday: convert to datetime object\n",
    "* convert season, yr, mnth, holiday, weekday, workingday, weathersit to categorical value "
   ]
  },
  {
   "cell_type": "code",
   "execution_count": 12,
   "metadata": {},
   "outputs": [
    {
     "data": {
      "text/html": [
       "<div>\n",
       "<style scoped>\n",
       "    .dataframe tbody tr th:only-of-type {\n",
       "        vertical-align: middle;\n",
       "    }\n",
       "\n",
       "    .dataframe tbody tr th {\n",
       "        vertical-align: top;\n",
       "    }\n",
       "\n",
       "    .dataframe thead th {\n",
       "        text-align: right;\n",
       "    }\n",
       "</style>\n",
       "<table border=\"1\" class=\"dataframe\">\n",
       "  <thead>\n",
       "    <tr style=\"text-align: right;\">\n",
       "      <th></th>\n",
       "      <th>dteday</th>\n",
       "      <th>season</th>\n",
       "      <th>yr</th>\n",
       "      <th>mnth</th>\n",
       "      <th>hr</th>\n",
       "      <th>holiday</th>\n",
       "      <th>weekday</th>\n",
       "      <th>workingday</th>\n",
       "      <th>weathersit</th>\n",
       "      <th>temp</th>\n",
       "      <th>atemp</th>\n",
       "      <th>hum</th>\n",
       "      <th>windspeed</th>\n",
       "      <th>casual</th>\n",
       "      <th>registered</th>\n",
       "      <th>cnt</th>\n",
       "    </tr>\n",
       "  </thead>\n",
       "  <tbody>\n",
       "    <tr>\n",
       "      <th>0</th>\n",
       "      <td>2011-01-01</td>\n",
       "      <td>1</td>\n",
       "      <td>0</td>\n",
       "      <td>1</td>\n",
       "      <td>0</td>\n",
       "      <td>0</td>\n",
       "      <td>6</td>\n",
       "      <td>0</td>\n",
       "      <td>1</td>\n",
       "      <td>0.24</td>\n",
       "      <td>0.2879</td>\n",
       "      <td>0.81</td>\n",
       "      <td>0.0</td>\n",
       "      <td>3</td>\n",
       "      <td>13</td>\n",
       "      <td>16</td>\n",
       "    </tr>\n",
       "    <tr>\n",
       "      <th>1</th>\n",
       "      <td>2011-01-01</td>\n",
       "      <td>1</td>\n",
       "      <td>0</td>\n",
       "      <td>1</td>\n",
       "      <td>1</td>\n",
       "      <td>0</td>\n",
       "      <td>6</td>\n",
       "      <td>0</td>\n",
       "      <td>1</td>\n",
       "      <td>0.22</td>\n",
       "      <td>0.2727</td>\n",
       "      <td>0.80</td>\n",
       "      <td>0.0</td>\n",
       "      <td>8</td>\n",
       "      <td>32</td>\n",
       "      <td>40</td>\n",
       "    </tr>\n",
       "  </tbody>\n",
       "</table>\n",
       "</div>"
      ],
      "text/plain": [
       "       dteday  season  yr  mnth  hr  holiday  weekday  workingday  weathersit  \\\n",
       "0  2011-01-01       1   0     1   0        0        6           0           1   \n",
       "1  2011-01-01       1   0     1   1        0        6           0           1   \n",
       "\n",
       "   temp   atemp   hum  windspeed  casual  registered  cnt  \n",
       "0  0.24  0.2879  0.81        0.0       3          13   16  \n",
       "1  0.22  0.2727  0.80        0.0       8          32   40  "
      ]
     },
     "execution_count": 12,
     "metadata": {},
     "output_type": "execute_result"
    }
   ],
   "source": [
    "# don't need instant column \n",
    "bikes_df.drop(columns=['instant'], inplace=True)\n",
    "bikes_df.head(2)"
   ]
  },
  {
   "cell_type": "code",
   "execution_count": 14,
   "metadata": {},
   "outputs": [],
   "source": [
    "bikes_df['dteday'] = pd.to_datetime(bikes_df.dteday)"
   ]
  },
  {
   "cell_type": "code",
   "execution_count": 18,
   "metadata": {},
   "outputs": [],
   "source": [
    "# hour will convert to string and change into categorical\n",
    "bikes_df['hr'] = bikes_df.hr.astype('str').astype('category')"
   ]
  },
  {
   "cell_type": "code",
   "execution_count": 30,
   "metadata": {},
   "outputs": [],
   "source": [
    "def change_colvalue(df, colname, colvaluemap):\n",
    "    '''\n",
    "    inputs: \n",
    "    df: a pandas dataframe with the colnames needed to be changed \n",
    "    colname: the colname for df needed to be changed \n",
    "    colnamemap: a dictionary with original colvalue as key and\n",
    "                desired colvalue as value \n",
    "    returns:\n",
    "    a list with the desired colvalue\n",
    "    '''\n",
    "    changed_name = df[colname].map(colvaluemap)\n",
    "    return changed_name"
   ]
  },
  {
   "cell_type": "code",
   "execution_count": 31,
   "metadata": {},
   "outputs": [],
   "source": [
    "# convert numerical columns to categorical columns \n",
    "# columns of interest \n",
    "cat_cols = ['season','yr','mnth','holiday','weekday','workingday','weathersit']\n",
    "col_dict_maps = [{1:'spring',2:'summer',3:'fall',4:'winter'},\n",
    "                {0:'2011', 1: '2012'}, \n",
    "                {1:'jan', 2:'feb',3:'mar',4:'apr',5:'may', 6:'jun',7:'jul',8:'aug',\n",
    "                 9:'sep',10:'oct',11:'nov',12:'dec'}, {1:'holiday',0:'not_holiday'},\n",
    "                {0:'Sun',1:'Mon',2:'Tue',3:'Wed',4:'Thu',5:'Fri',6:'Sat'},\n",
    "                {1:'working',0:'not_working'},\n",
    "                {1:'clear',2:'mist',3:'light_rain_snow',4:'heavy_rain_snow'}]\n",
    "for col, dict_map in zip(cat_cols,col_dict_maps):\n",
    "    bikes_df[col] = change_colvalue(bikes_df,col, dict_map)\n",
    "\n",
    "    "
   ]
  },
  {
   "cell_type": "code",
   "execution_count": 35,
   "metadata": {},
   "outputs": [],
   "source": [
    "# convert them to categorical value\n",
    "bikes_df[cat_cols] = bikes_df[cat_cols].astype('category')"
   ]
  },
  {
   "cell_type": "code",
   "execution_count": 40,
   "metadata": {},
   "outputs": [],
   "source": [
    "# one hot encoder \n",
    "bikes_df = pd.get_dummies(bikes_df)"
   ]
  },
  {
   "cell_type": "code",
   "execution_count": 42,
   "metadata": {},
   "outputs": [
    {
     "data": {
      "text/plain": [
       "Index(['dteday', 'temp', 'atemp', 'hum', 'windspeed', 'casual', 'registered',\n",
       "       'cnt', 'season_fall', 'season_spring', 'season_summer', 'season_winter',\n",
       "       'yr_2011', 'yr_2012', 'mnth_apr', 'mnth_aug', 'mnth_dec', 'mnth_feb',\n",
       "       'mnth_jan', 'mnth_jul', 'mnth_jun', 'mnth_mar', 'mnth_may', 'mnth_nov',\n",
       "       'mnth_oct', 'mnth_sep', 'hr_0', 'hr_1', 'hr_10', 'hr_11', 'hr_12',\n",
       "       'hr_13', 'hr_14', 'hr_15', 'hr_16', 'hr_17', 'hr_18', 'hr_19', 'hr_2',\n",
       "       'hr_20', 'hr_21', 'hr_22', 'hr_23', 'hr_3', 'hr_4', 'hr_5', 'hr_6',\n",
       "       'hr_7', 'hr_8', 'hr_9', 'holiday_holiday', 'holiday_not_holiday',\n",
       "       'weekday_Fri', 'weekday_Mon', 'weekday_Sat', 'weekday_Sun',\n",
       "       'weekday_Thu', 'weekday_Tue', 'weekday_Wed', 'workingday_not_working',\n",
       "       'workingday_working', 'weathersit_clear', 'weathersit_heavy_rain_snow',\n",
       "       'weathersit_light_rain_snow', 'weathersit_mist'],\n",
       "      dtype='object')"
      ]
     },
     "execution_count": 42,
     "metadata": {},
     "output_type": "execute_result"
    }
   ],
   "source": [
    "bikes_df.columns"
   ]
  },
  {
   "cell_type": "code",
   "execution_count": 52,
   "metadata": {},
   "outputs": [],
   "source": [
    "# remove the last category for each categorical values\n",
    "columns_dropped = ['season_winter', 'yr_2011', 'mnth_dec', 'hr_23','holiday_not_holiday','weekday_Sun', 'workingday_not_working', 'weathersit_clear']\n",
    "bikes_df = bikes_df.drop(columns = columns_dropped)"
   ]
  },
  {
   "cell_type": "code",
   "execution_count": 54,
   "metadata": {},
   "outputs": [
    {
     "data": {
      "text/html": [
       "<div>\n",
       "<style scoped>\n",
       "    .dataframe tbody tr th:only-of-type {\n",
       "        vertical-align: middle;\n",
       "    }\n",
       "\n",
       "    .dataframe tbody tr th {\n",
       "        vertical-align: top;\n",
       "    }\n",
       "\n",
       "    .dataframe thead th {\n",
       "        text-align: right;\n",
       "    }\n",
       "</style>\n",
       "<table border=\"1\" class=\"dataframe\">\n",
       "  <thead>\n",
       "    <tr style=\"text-align: right;\">\n",
       "      <th></th>\n",
       "      <th>temp</th>\n",
       "      <th>atemp</th>\n",
       "      <th>casual</th>\n",
       "      <th>registered</th>\n",
       "      <th>cnt</th>\n",
       "    </tr>\n",
       "  </thead>\n",
       "  <tbody>\n",
       "    <tr>\n",
       "      <th>temp</th>\n",
       "      <td>1.000000</td>\n",
       "      <td>0.987672</td>\n",
       "      <td>0.459616</td>\n",
       "      <td>0.335361</td>\n",
       "      <td>0.404772</td>\n",
       "    </tr>\n",
       "    <tr>\n",
       "      <th>atemp</th>\n",
       "      <td>0.987672</td>\n",
       "      <td>1.000000</td>\n",
       "      <td>0.454080</td>\n",
       "      <td>0.332559</td>\n",
       "      <td>0.400929</td>\n",
       "    </tr>\n",
       "    <tr>\n",
       "      <th>casual</th>\n",
       "      <td>0.459616</td>\n",
       "      <td>0.454080</td>\n",
       "      <td>1.000000</td>\n",
       "      <td>0.506618</td>\n",
       "      <td>0.694564</td>\n",
       "    </tr>\n",
       "    <tr>\n",
       "      <th>registered</th>\n",
       "      <td>0.335361</td>\n",
       "      <td>0.332559</td>\n",
       "      <td>0.506618</td>\n",
       "      <td>1.000000</td>\n",
       "      <td>0.972151</td>\n",
       "    </tr>\n",
       "    <tr>\n",
       "      <th>cnt</th>\n",
       "      <td>0.404772</td>\n",
       "      <td>0.400929</td>\n",
       "      <td>0.694564</td>\n",
       "      <td>0.972151</td>\n",
       "      <td>1.000000</td>\n",
       "    </tr>\n",
       "  </tbody>\n",
       "</table>\n",
       "</div>"
      ],
      "text/plain": [
       "                temp     atemp    casual  registered       cnt\n",
       "temp        1.000000  0.987672  0.459616    0.335361  0.404772\n",
       "atemp       0.987672  1.000000  0.454080    0.332559  0.400929\n",
       "casual      0.459616  0.454080  1.000000    0.506618  0.694564\n",
       "registered  0.335361  0.332559  0.506618    1.000000  0.972151\n",
       "cnt         0.404772  0.400929  0.694564    0.972151  1.000000"
      ]
     },
     "execution_count": 54,
     "metadata": {},
     "output_type": "execute_result"
    }
   ],
   "source": [
    "bikes_df[['temp','atemp','casual','registered','cnt']].corr()\n",
    "# we will pick temp as highly correlated "
   ]
  },
  {
   "cell_type": "code",
   "execution_count": 56,
   "metadata": {},
   "outputs": [],
   "source": [
    "bikes_df.drop(columns=['atemp'], inplace = True)"
   ]
  },
  {
   "cell_type": "code",
   "execution_count": 59,
   "metadata": {},
   "outputs": [],
   "source": [
    "# set dteday as index \n",
    "bikes_df.set_index('dteday',inplace=True)"
   ]
  },
  {
   "cell_type": "code",
   "execution_count": 62,
   "metadata": {
    "scrolled": true
   },
   "outputs": [
    {
     "data": {
      "text/html": [
       "<div>\n",
       "<style scoped>\n",
       "    .dataframe tbody tr th:only-of-type {\n",
       "        vertical-align: middle;\n",
       "    }\n",
       "\n",
       "    .dataframe tbody tr th {\n",
       "        vertical-align: top;\n",
       "    }\n",
       "\n",
       "    .dataframe thead th {\n",
       "        text-align: right;\n",
       "    }\n",
       "</style>\n",
       "<table border=\"1\" class=\"dataframe\">\n",
       "  <thead>\n",
       "    <tr style=\"text-align: right;\">\n",
       "      <th></th>\n",
       "      <th>casual</th>\n",
       "      <th>registered</th>\n",
       "      <th>cnt</th>\n",
       "      <th>season_fall</th>\n",
       "      <th>season_spring</th>\n",
       "      <th>season_summer</th>\n",
       "    </tr>\n",
       "  </thead>\n",
       "  <tbody>\n",
       "    <tr>\n",
       "      <th>casual</th>\n",
       "      <td>1.000000</td>\n",
       "      <td>0.506618</td>\n",
       "      <td>0.694564</td>\n",
       "      <td>0.175067</td>\n",
       "      <td>-0.246476</td>\n",
       "      <td>0.123983</td>\n",
       "    </tr>\n",
       "    <tr>\n",
       "      <th>registered</th>\n",
       "      <td>0.506618</td>\n",
       "      <td>1.000000</td>\n",
       "      <td>0.972151</td>\n",
       "      <td>0.124675</td>\n",
       "      <td>-0.213866</td>\n",
       "      <td>0.032345</td>\n",
       "    </tr>\n",
       "    <tr>\n",
       "      <th>cnt</th>\n",
       "      <td>0.694564</td>\n",
       "      <td>0.972151</td>\n",
       "      <td>1.000000</td>\n",
       "      <td>0.151621</td>\n",
       "      <td>-0.245456</td>\n",
       "      <td>0.060692</td>\n",
       "    </tr>\n",
       "    <tr>\n",
       "      <th>season_fall</th>\n",
       "      <td>0.175067</td>\n",
       "      <td>0.124675</td>\n",
       "      <td>0.151621</td>\n",
       "      <td>1.000000</td>\n",
       "      <td>-0.335693</td>\n",
       "      <td>-0.344433</td>\n",
       "    </tr>\n",
       "    <tr>\n",
       "      <th>season_spring</th>\n",
       "      <td>-0.246476</td>\n",
       "      <td>-0.213866</td>\n",
       "      <td>-0.245456</td>\n",
       "      <td>-0.335693</td>\n",
       "      <td>1.000000</td>\n",
       "      <td>-0.331312</td>\n",
       "    </tr>\n",
       "    <tr>\n",
       "      <th>season_summer</th>\n",
       "      <td>0.123983</td>\n",
       "      <td>0.032345</td>\n",
       "      <td>0.060692</td>\n",
       "      <td>-0.344433</td>\n",
       "      <td>-0.331312</td>\n",
       "      <td>1.000000</td>\n",
       "    </tr>\n",
       "  </tbody>\n",
       "</table>\n",
       "</div>"
      ],
      "text/plain": [
       "                 casual  registered       cnt  season_fall  season_spring  \\\n",
       "casual         1.000000    0.506618  0.694564     0.175067      -0.246476   \n",
       "registered     0.506618    1.000000  0.972151     0.124675      -0.213866   \n",
       "cnt            0.694564    0.972151  1.000000     0.151621      -0.245456   \n",
       "season_fall    0.175067    0.124675  0.151621     1.000000      -0.335693   \n",
       "season_spring -0.246476   -0.213866 -0.245456    -0.335693       1.000000   \n",
       "season_summer  0.123983    0.032345  0.060692    -0.344433      -0.331312   \n",
       "\n",
       "               season_summer  \n",
       "casual              0.123983  \n",
       "registered          0.032345  \n",
       "cnt                 0.060692  \n",
       "season_fall        -0.344433  \n",
       "season_spring      -0.331312  \n",
       "season_summer       1.000000  "
      ]
     },
     "execution_count": 62,
     "metadata": {},
     "output_type": "execute_result"
    }
   ],
   "source": [
    "# look seasonality or month for features \n",
    "bikes_df[['casual', 'registered', 'cnt',\n",
    "       'season_fall', 'season_spring', 'season_summer']].corr()"
   ]
  },
  {
   "cell_type": "code",
   "execution_count": 65,
   "metadata": {},
   "outputs": [
    {
     "data": {
      "text/html": [
       "<div>\n",
       "<style scoped>\n",
       "    .dataframe tbody tr th:only-of-type {\n",
       "        vertical-align: middle;\n",
       "    }\n",
       "\n",
       "    .dataframe tbody tr th {\n",
       "        vertical-align: top;\n",
       "    }\n",
       "\n",
       "    .dataframe thead th {\n",
       "        text-align: right;\n",
       "    }\n",
       "</style>\n",
       "<table border=\"1\" class=\"dataframe\">\n",
       "  <thead>\n",
       "    <tr style=\"text-align: right;\">\n",
       "      <th></th>\n",
       "      <th>casual</th>\n",
       "      <th>registered</th>\n",
       "      <th>cnt</th>\n",
       "      <th>mnth_apr</th>\n",
       "      <th>mnth_aug</th>\n",
       "      <th>mnth_feb</th>\n",
       "      <th>mnth_jan</th>\n",
       "      <th>mnth_jul</th>\n",
       "      <th>mnth_jun</th>\n",
       "      <th>mnth_mar</th>\n",
       "      <th>mnth_may</th>\n",
       "      <th>mnth_nov</th>\n",
       "      <th>mnth_oct</th>\n",
       "      <th>mnth_sep</th>\n",
       "    </tr>\n",
       "  </thead>\n",
       "  <tbody>\n",
       "    <tr>\n",
       "      <th>casual</th>\n",
       "      <td>1.000000</td>\n",
       "      <td>0.506618</td>\n",
       "      <td>0.694564</td>\n",
       "      <td>0.040407</td>\n",
       "      <td>0.081310</td>\n",
       "      <td>-0.143796</td>\n",
       "      <td>-0.165430</td>\n",
       "      <td>0.104571</td>\n",
       "      <td>0.095392</td>\n",
       "      <td>-0.033971</td>\n",
       "      <td>0.092592</td>\n",
       "      <td>-0.062139</td>\n",
       "      <td>0.033726</td>\n",
       "      <td>0.080753</td>\n",
       "    </tr>\n",
       "    <tr>\n",
       "      <th>registered</th>\n",
       "      <td>0.506618</td>\n",
       "      <td>1.000000</td>\n",
       "      <td>0.972151</td>\n",
       "      <td>-0.017531</td>\n",
       "      <td>0.071371</td>\n",
       "      <td>-0.099499</td>\n",
       "      <td>-0.134061</td>\n",
       "      <td>0.051572</td>\n",
       "      <td>0.070311</td>\n",
       "      <td>-0.057400</td>\n",
       "      <td>0.037455</td>\n",
       "      <td>-0.003815</td>\n",
       "      <td>0.054214</td>\n",
       "      <td>0.075476</td>\n",
       "    </tr>\n",
       "    <tr>\n",
       "      <th>cnt</th>\n",
       "      <td>0.694564</td>\n",
       "      <td>0.972151</td>\n",
       "      <td>1.000000</td>\n",
       "      <td>-0.003645</td>\n",
       "      <td>0.081657</td>\n",
       "      <td>-0.122113</td>\n",
       "      <td>-0.156834</td>\n",
       "      <td>0.071459</td>\n",
       "      <td>0.084600</td>\n",
       "      <td>-0.057131</td>\n",
       "      <td>0.056422</td>\n",
       "      <td>-0.020074</td>\n",
       "      <td>0.054406</td>\n",
       "      <td>0.084931</td>\n",
       "    </tr>\n",
       "    <tr>\n",
       "      <th>mnth_apr</th>\n",
       "      <td>0.040407</td>\n",
       "      <td>-0.017531</td>\n",
       "      <td>-0.003645</td>\n",
       "      <td>1.000000</td>\n",
       "      <td>-0.091432</td>\n",
       "      <td>-0.086815</td>\n",
       "      <td>-0.089865</td>\n",
       "      <td>-0.091872</td>\n",
       "      <td>-0.090242</td>\n",
       "      <td>-0.091365</td>\n",
       "      <td>-0.091872</td>\n",
       "      <td>-0.090139</td>\n",
       "      <td>-0.090617</td>\n",
       "      <td>-0.090139</td>\n",
       "    </tr>\n",
       "    <tr>\n",
       "      <th>mnth_aug</th>\n",
       "      <td>0.081310</td>\n",
       "      <td>0.071371</td>\n",
       "      <td>0.081657</td>\n",
       "      <td>-0.091432</td>\n",
       "      <td>1.000000</td>\n",
       "      <td>-0.088061</td>\n",
       "      <td>-0.091155</td>\n",
       "      <td>-0.093190</td>\n",
       "      <td>-0.091536</td>\n",
       "      <td>-0.092675</td>\n",
       "      <td>-0.093190</td>\n",
       "      <td>-0.091432</td>\n",
       "      <td>-0.091917</td>\n",
       "      <td>-0.091432</td>\n",
       "    </tr>\n",
       "    <tr>\n",
       "      <th>mnth_feb</th>\n",
       "      <td>-0.143796</td>\n",
       "      <td>-0.099499</td>\n",
       "      <td>-0.122113</td>\n",
       "      <td>-0.086815</td>\n",
       "      <td>-0.088061</td>\n",
       "      <td>1.000000</td>\n",
       "      <td>-0.086552</td>\n",
       "      <td>-0.088484</td>\n",
       "      <td>-0.086914</td>\n",
       "      <td>-0.087995</td>\n",
       "      <td>-0.088484</td>\n",
       "      <td>-0.086815</td>\n",
       "      <td>-0.087276</td>\n",
       "      <td>-0.086815</td>\n",
       "    </tr>\n",
       "    <tr>\n",
       "      <th>mnth_jan</th>\n",
       "      <td>-0.165430</td>\n",
       "      <td>-0.134061</td>\n",
       "      <td>-0.156834</td>\n",
       "      <td>-0.089865</td>\n",
       "      <td>-0.091155</td>\n",
       "      <td>-0.086552</td>\n",
       "      <td>1.000000</td>\n",
       "      <td>-0.091593</td>\n",
       "      <td>-0.089968</td>\n",
       "      <td>-0.091087</td>\n",
       "      <td>-0.091593</td>\n",
       "      <td>-0.089865</td>\n",
       "      <td>-0.090342</td>\n",
       "      <td>-0.089865</td>\n",
       "    </tr>\n",
       "    <tr>\n",
       "      <th>mnth_jul</th>\n",
       "      <td>0.104571</td>\n",
       "      <td>0.051572</td>\n",
       "      <td>0.071459</td>\n",
       "      <td>-0.091872</td>\n",
       "      <td>-0.093190</td>\n",
       "      <td>-0.088484</td>\n",
       "      <td>-0.091593</td>\n",
       "      <td>1.000000</td>\n",
       "      <td>-0.091976</td>\n",
       "      <td>-0.093121</td>\n",
       "      <td>-0.093638</td>\n",
       "      <td>-0.091872</td>\n",
       "      <td>-0.092359</td>\n",
       "      <td>-0.091872</td>\n",
       "    </tr>\n",
       "    <tr>\n",
       "      <th>mnth_jun</th>\n",
       "      <td>0.095392</td>\n",
       "      <td>0.070311</td>\n",
       "      <td>0.084600</td>\n",
       "      <td>-0.090242</td>\n",
       "      <td>-0.091536</td>\n",
       "      <td>-0.086914</td>\n",
       "      <td>-0.089968</td>\n",
       "      <td>-0.091976</td>\n",
       "      <td>1.000000</td>\n",
       "      <td>-0.091469</td>\n",
       "      <td>-0.091976</td>\n",
       "      <td>-0.090242</td>\n",
       "      <td>-0.090720</td>\n",
       "      <td>-0.090242</td>\n",
       "    </tr>\n",
       "    <tr>\n",
       "      <th>mnth_mar</th>\n",
       "      <td>-0.033971</td>\n",
       "      <td>-0.057400</td>\n",
       "      <td>-0.057131</td>\n",
       "      <td>-0.091365</td>\n",
       "      <td>-0.092675</td>\n",
       "      <td>-0.087995</td>\n",
       "      <td>-0.091087</td>\n",
       "      <td>-0.093121</td>\n",
       "      <td>-0.091469</td>\n",
       "      <td>1.000000</td>\n",
       "      <td>-0.093121</td>\n",
       "      <td>-0.091365</td>\n",
       "      <td>-0.091849</td>\n",
       "      <td>-0.091365</td>\n",
       "    </tr>\n",
       "    <tr>\n",
       "      <th>mnth_may</th>\n",
       "      <td>0.092592</td>\n",
       "      <td>0.037455</td>\n",
       "      <td>0.056422</td>\n",
       "      <td>-0.091872</td>\n",
       "      <td>-0.093190</td>\n",
       "      <td>-0.088484</td>\n",
       "      <td>-0.091593</td>\n",
       "      <td>-0.093638</td>\n",
       "      <td>-0.091976</td>\n",
       "      <td>-0.093121</td>\n",
       "      <td>1.000000</td>\n",
       "      <td>-0.091872</td>\n",
       "      <td>-0.092359</td>\n",
       "      <td>-0.091872</td>\n",
       "    </tr>\n",
       "    <tr>\n",
       "      <th>mnth_nov</th>\n",
       "      <td>-0.062139</td>\n",
       "      <td>-0.003815</td>\n",
       "      <td>-0.020074</td>\n",
       "      <td>-0.090139</td>\n",
       "      <td>-0.091432</td>\n",
       "      <td>-0.086815</td>\n",
       "      <td>-0.089865</td>\n",
       "      <td>-0.091872</td>\n",
       "      <td>-0.090242</td>\n",
       "      <td>-0.091365</td>\n",
       "      <td>-0.091872</td>\n",
       "      <td>1.000000</td>\n",
       "      <td>-0.090617</td>\n",
       "      <td>-0.090139</td>\n",
       "    </tr>\n",
       "    <tr>\n",
       "      <th>mnth_oct</th>\n",
       "      <td>0.033726</td>\n",
       "      <td>0.054214</td>\n",
       "      <td>0.054406</td>\n",
       "      <td>-0.090617</td>\n",
       "      <td>-0.091917</td>\n",
       "      <td>-0.087276</td>\n",
       "      <td>-0.090342</td>\n",
       "      <td>-0.092359</td>\n",
       "      <td>-0.090720</td>\n",
       "      <td>-0.091849</td>\n",
       "      <td>-0.092359</td>\n",
       "      <td>-0.090617</td>\n",
       "      <td>1.000000</td>\n",
       "      <td>-0.090617</td>\n",
       "    </tr>\n",
       "    <tr>\n",
       "      <th>mnth_sep</th>\n",
       "      <td>0.080753</td>\n",
       "      <td>0.075476</td>\n",
       "      <td>0.084931</td>\n",
       "      <td>-0.090139</td>\n",
       "      <td>-0.091432</td>\n",
       "      <td>-0.086815</td>\n",
       "      <td>-0.089865</td>\n",
       "      <td>-0.091872</td>\n",
       "      <td>-0.090242</td>\n",
       "      <td>-0.091365</td>\n",
       "      <td>-0.091872</td>\n",
       "      <td>-0.090139</td>\n",
       "      <td>-0.090617</td>\n",
       "      <td>1.000000</td>\n",
       "    </tr>\n",
       "  </tbody>\n",
       "</table>\n",
       "</div>"
      ],
      "text/plain": [
       "              casual  registered       cnt  mnth_apr  mnth_aug  mnth_feb  \\\n",
       "casual      1.000000    0.506618  0.694564  0.040407  0.081310 -0.143796   \n",
       "registered  0.506618    1.000000  0.972151 -0.017531  0.071371 -0.099499   \n",
       "cnt         0.694564    0.972151  1.000000 -0.003645  0.081657 -0.122113   \n",
       "mnth_apr    0.040407   -0.017531 -0.003645  1.000000 -0.091432 -0.086815   \n",
       "mnth_aug    0.081310    0.071371  0.081657 -0.091432  1.000000 -0.088061   \n",
       "mnth_feb   -0.143796   -0.099499 -0.122113 -0.086815 -0.088061  1.000000   \n",
       "mnth_jan   -0.165430   -0.134061 -0.156834 -0.089865 -0.091155 -0.086552   \n",
       "mnth_jul    0.104571    0.051572  0.071459 -0.091872 -0.093190 -0.088484   \n",
       "mnth_jun    0.095392    0.070311  0.084600 -0.090242 -0.091536 -0.086914   \n",
       "mnth_mar   -0.033971   -0.057400 -0.057131 -0.091365 -0.092675 -0.087995   \n",
       "mnth_may    0.092592    0.037455  0.056422 -0.091872 -0.093190 -0.088484   \n",
       "mnth_nov   -0.062139   -0.003815 -0.020074 -0.090139 -0.091432 -0.086815   \n",
       "mnth_oct    0.033726    0.054214  0.054406 -0.090617 -0.091917 -0.087276   \n",
       "mnth_sep    0.080753    0.075476  0.084931 -0.090139 -0.091432 -0.086815   \n",
       "\n",
       "            mnth_jan  mnth_jul  mnth_jun  mnth_mar  mnth_may  mnth_nov  \\\n",
       "casual     -0.165430  0.104571  0.095392 -0.033971  0.092592 -0.062139   \n",
       "registered -0.134061  0.051572  0.070311 -0.057400  0.037455 -0.003815   \n",
       "cnt        -0.156834  0.071459  0.084600 -0.057131  0.056422 -0.020074   \n",
       "mnth_apr   -0.089865 -0.091872 -0.090242 -0.091365 -0.091872 -0.090139   \n",
       "mnth_aug   -0.091155 -0.093190 -0.091536 -0.092675 -0.093190 -0.091432   \n",
       "mnth_feb   -0.086552 -0.088484 -0.086914 -0.087995 -0.088484 -0.086815   \n",
       "mnth_jan    1.000000 -0.091593 -0.089968 -0.091087 -0.091593 -0.089865   \n",
       "mnth_jul   -0.091593  1.000000 -0.091976 -0.093121 -0.093638 -0.091872   \n",
       "mnth_jun   -0.089968 -0.091976  1.000000 -0.091469 -0.091976 -0.090242   \n",
       "mnth_mar   -0.091087 -0.093121 -0.091469  1.000000 -0.093121 -0.091365   \n",
       "mnth_may   -0.091593 -0.093638 -0.091976 -0.093121  1.000000 -0.091872   \n",
       "mnth_nov   -0.089865 -0.091872 -0.090242 -0.091365 -0.091872  1.000000   \n",
       "mnth_oct   -0.090342 -0.092359 -0.090720 -0.091849 -0.092359 -0.090617   \n",
       "mnth_sep   -0.089865 -0.091872 -0.090242 -0.091365 -0.091872 -0.090139   \n",
       "\n",
       "            mnth_oct  mnth_sep  \n",
       "casual      0.033726  0.080753  \n",
       "registered  0.054214  0.075476  \n",
       "cnt         0.054406  0.084931  \n",
       "mnth_apr   -0.090617 -0.090139  \n",
       "mnth_aug   -0.091917 -0.091432  \n",
       "mnth_feb   -0.087276 -0.086815  \n",
       "mnth_jan   -0.090342 -0.089865  \n",
       "mnth_jul   -0.092359 -0.091872  \n",
       "mnth_jun   -0.090720 -0.090242  \n",
       "mnth_mar   -0.091849 -0.091365  \n",
       "mnth_may   -0.092359 -0.091872  \n",
       "mnth_nov   -0.090617 -0.090139  \n",
       "mnth_oct    1.000000 -0.090617  \n",
       "mnth_sep   -0.090617  1.000000  "
      ]
     },
     "execution_count": 65,
     "metadata": {},
     "output_type": "execute_result"
    }
   ],
   "source": [
    "bikes_df[['casual', 'registered', 'cnt','mnth_apr','mnth_aug', 'mnth_feb', \n",
    "          'mnth_jan', 'mnth_jul', 'mnth_jun', 'mnth_mar','mnth_may', 'mnth_nov', \n",
    "          'mnth_oct', 'mnth_sep',]].corr()"
   ]
  },
  {
   "cell_type": "code",
   "execution_count": 67,
   "metadata": {},
   "outputs": [],
   "source": [
    "# choose seasonality or month as higher correlation and less cols\n",
    "bikes_df.drop(columns=['mnth_apr','mnth_aug', 'mnth_feb', \n",
    "          'mnth_jan', 'mnth_jul', 'mnth_jun', 'mnth_mar','mnth_may', 'mnth_nov', \n",
    "          'mnth_oct', 'mnth_sep'], inplace=True)"
   ]
  },
  {
   "cell_type": "code",
   "execution_count": 71,
   "metadata": {},
   "outputs": [
    {
     "name": "stdout",
     "output_type": "stream",
     "text": [
      "<class 'pandas.core.frame.DataFrame'>\n",
      "DatetimeIndex: 17379 entries, 2011-01-01 to 2012-12-31\n",
      "Data columns (total 44 columns):\n",
      "temp                          17379 non-null float64\n",
      "hum                           17379 non-null float64\n",
      "windspeed                     17379 non-null float64\n",
      "casual                        17379 non-null int64\n",
      "registered                    17379 non-null int64\n",
      "cnt                           17379 non-null int64\n",
      "season_fall                   17379 non-null uint8\n",
      "season_spring                 17379 non-null uint8\n",
      "season_summer                 17379 non-null uint8\n",
      "yr_2012                       17379 non-null uint8\n",
      "hr_0                          17379 non-null uint8\n",
      "hr_1                          17379 non-null uint8\n",
      "hr_10                         17379 non-null uint8\n",
      "hr_11                         17379 non-null uint8\n",
      "hr_12                         17379 non-null uint8\n",
      "hr_13                         17379 non-null uint8\n",
      "hr_14                         17379 non-null uint8\n",
      "hr_15                         17379 non-null uint8\n",
      "hr_16                         17379 non-null uint8\n",
      "hr_17                         17379 non-null uint8\n",
      "hr_18                         17379 non-null uint8\n",
      "hr_19                         17379 non-null uint8\n",
      "hr_2                          17379 non-null uint8\n",
      "hr_20                         17379 non-null uint8\n",
      "hr_21                         17379 non-null uint8\n",
      "hr_22                         17379 non-null uint8\n",
      "hr_3                          17379 non-null uint8\n",
      "hr_4                          17379 non-null uint8\n",
      "hr_5                          17379 non-null uint8\n",
      "hr_6                          17379 non-null uint8\n",
      "hr_7                          17379 non-null uint8\n",
      "hr_8                          17379 non-null uint8\n",
      "hr_9                          17379 non-null uint8\n",
      "holiday_holiday               17379 non-null uint8\n",
      "weekday_Fri                   17379 non-null uint8\n",
      "weekday_Mon                   17379 non-null uint8\n",
      "weekday_Sat                   17379 non-null uint8\n",
      "weekday_Thu                   17379 non-null uint8\n",
      "weekday_Tue                   17379 non-null uint8\n",
      "weekday_Wed                   17379 non-null uint8\n",
      "workingday_working            17379 non-null uint8\n",
      "weathersit_heavy_rain_snow    17379 non-null uint8\n",
      "weathersit_light_rain_snow    17379 non-null uint8\n",
      "weathersit_mist               17379 non-null uint8\n",
      "dtypes: float64(3), int64(3), uint8(38)\n",
      "memory usage: 1.6 MB\n"
     ]
    }
   ],
   "source": [
    "bikes_df.info()"
   ]
  },
  {
   "cell_type": "code",
   "execution_count": 72,
   "metadata": {},
   "outputs": [
    {
     "data": {
      "text/html": [
       "<div>\n",
       "<style scoped>\n",
       "    .dataframe tbody tr th:only-of-type {\n",
       "        vertical-align: middle;\n",
       "    }\n",
       "\n",
       "    .dataframe tbody tr th {\n",
       "        vertical-align: top;\n",
       "    }\n",
       "\n",
